PS C:\Users\huiwe\Desktop\BME Lab\new_RSVP> python quick_check.py
Finding events on: Status
1224 events found on stim channel Status
Event IDs: [ 122  125  128  130  134  148  152  158  163  164  167  171  173  178
  181  183  187  192  194  199  201  202  235  239  250  253  259  266
  267  268  269  275  282  287  289  290  306  307  308  310  314  315
  317  319  321  322  323  331  336  337  342  345  355  360  361  363
  364  366  370  375  376  380  382  386  389  390  391  394  400  405
  406  407  408  410  413  414  422  426  427  432  433  439  447  450
  454  457  461  463  466  470  475  490  493  496  500  501  502  515
 1000 1001 1002]
Finding events on: Status
1224 events found on stim channel Status
Event IDs: [ 122  125  128  130  134  148  152  158  163  164  167  171  173  178
  181  183  187  192  194  199  201  202  235  239  250  253  259  266
  267  268  269  275  282  287  289  290  306  307  308  310  314  315
  317  319  321  322  323  331  336  337  342  345  355  360  361  363
  364  366  370  375  376  380  382  386  389  390  391  394  400  405
  406  407  408  410  413  414  422  426  427  432  433  439  447  450
  454  457  461  463  466  470  475  490  493  496  500  501  502  515
 1000 1001 1002]
rsvp_10Hz_02a.raw.fif | n_epochs=69 | AUC = 0.734 ± 0.086